$ANSIBLE_VAULT;1.1;AES256
36666539643866316534373264356639306230316438353564346335333434396639323533303730
6633323237393736323030666338303130343965353234620a323131313737653437613563643535
63336131653931363137336664383661343938323964643137623963386362616462663237633666
3431663230303639660a383236306562616238363636353231353730373532343464316639643231
64636363653261333261636630323362383763326262373563333935333331333138353035356534
61663832303832383133313530343838393139333133303665386237393464633337306237353966
62323833373465343036326362346436373034653633633932666233303833633139663338303430
39653836623962393434303331323434363036653764313732623538333135313563313265613335
38646434376238356465636232616136613236646435316162353764616364353532663639613565
39386563643835383161646265646539633632623333313338663763343638336436366631316433
30376563653331636432616637383263343132646332613932633266643063386366633265616339
61376664336633626433363262363035333532366131623963643932396639376638643733616563
64343833633831626364643138343738326232343266333361643133363437623934343936653934
33653862316236346530353864333063313138633737373362656264663364613039353637306638
34363839366431376639646236346637663235306135636131303762313366383732386130343862
64376565613534663633656666323531366137353463653730386163343231633162383638396334
66366537623661333434396362373730656530316464323435306361376365656539616532613732
38336164643862343137353865646462666235613830656439323432323962333264386134356562
63333430366239363636626336383063643930666462656633303137313438356466393734343865
36343235366334366138313634363861336262376535326565646364616232306435616166393662
38333838666534303032333234616363636361333065333538653530666536366530636335333864
38626535323464656436336437623666366264363765336138643363333061306530373232383565
36363333316163653133636438643161303439353836313463383066613361613234333137333165
63653862396138306436346663646434303831323935653163376665393137343737633535623831
33653232303135396661336133373832366439653666396462373665626235653436636139636666
33643035623465366337333864313831336665313839653265623365353538363537383137396236
36663734303762316633633161336531623430353665643234313437643662303865393234353433
38366436333765396431303762316432646563343864333238313737373238636464353431646462
34383465666465663962616363373934373336303931363661643961353939333564353164626236
66353139663263306463393534636539303166396430663139623535313562663838383531616365
39326232643536336164316631613238383935343166346563373532303330376535303139363662
32396665386537366665306433346531303266343437653361363236653734616633646561353439
61623361333433353939626437666464303833326263316437313161316638336536353363313339
66643631646433396334303461643961666265306261393632653235663432306338353736646562
65393439653438663334633763313565383231643064656165383732613539633438643031333335
62623630326263356635343831626335616239333464336562316162636638323164393931313864
36643363663066333263303931363636643331396639376535303663356539393566373936656230
66656433333735656538336630396464396136663433623566376463646130626133316232653537
61646233303836353362396661613939353032636637663234643632386432333066633465353138
34633032363863383438626132623830653938313136333432663863383463323133383639306430
65306531376334613031396539353363396430376538633963316165393132363831613737336232
32313037613165313065636365336637393166376666366631303661396137393365373031303337
61616162396435343164353663643737323661313231303731303961323333633461356335636435
32393531383030386135626134653064646332613131383533303663356361303665373837313265
38323534373036306466306266626138613632343330313861303037303839316637366266353434
64666138323832363933373932323330313438323231653237316336663461393338326335386233
65386166663561313763363762666166343638616465373764366635363234383433333038386336
61643538666365336161376436303737373066353165303632376262623862323166646633646431
38373338666637663938656330333966613963353465303632313339356164386561353465313232
62316161333935336635313561393166346335646132386362333966613162663236376431616661
32626261346261666533343632383462663034626331653063323036376231663762386437323232
31396635393962653037346539373139666563613933333962626531323665623134663938653731
61383361366332616131346637643564646461303765663032653964623262643035386361613438
31633634393334373463306633663839636335386137613064383961373764306230303165313631
35643962326137356161663964356633623863323631616663623438323362616634616666623639
62613436316232653064306162666238363661636331656464613630383139336466396131626365
30373337303961363830663930653939343437633332323230316666373464383261326566383039
66303636623035363662343763313731366431333831623337363730623830366662643061616634
35653962656436656265313661666130643862393536396562376536663134333937626665626334
61336638653263396132336534646261633030656530353632353363376130386235393264626538
63613132343338343662666232323930663465393136346665626265366535633864623263313966
37333330663136313533323434636535393865323434653536633865376664353536313932353937
31363163613234616330656266646461326466336532633766313830373735376539613336626232
63666366386136306363396430323864623431323137633664363035383830616363363066613239
36663639643634323562363033383965343731336333383137663733353539333530323966636563
39396163653064313430393261306335353865343933336365626262646338663237343438633763
62623666313531653739646333396265343936666638366161633032353834336265616230633732
30663738323835383561363333396665333338303162306339636264653031356634636635323266
37303762323633393830633739633035636466383031343735373263653762393038663165383462
34623334363663393437366232336266393161353537646131656563353061616139386530633264
63333034323933343562396437353938626563303837383531393465323730363365613066613631
37323532623933663531
