$ANSIBLE_VAULT;1.1;AES256
66653765343638333566313838633863346666303162663736633061613362336263363731303464
3066333563306332633131613533333738383832633333360a343330643965613633333464373632
66623832306230346661656238663833663838313038653033313262396333366339643731646433
3033393734386537610a373834666234336561313031396664393064326262353234353733303264
36383039353630666435343537386232646665373263616465326361643938383836623438313261
39333961663265386239326263303131386236653438653039346233396232666261383735623134
66653766386162376663313364633266303330366261393231663433303538306164353833616632
36386132623436386461353665663034393337613634663031343939356533313639636262353138
39313162323662336436376532666330353965303066343231323638366138353132386238646462
34333732663166343236393937646361646466366230393638323835373035343538323932356439
36396366356135346136376366303861636631363165636162366634313433623665663862316531
32303134313239316438316237376562396261366137353333343964336332633161393437633234
33333639316166383138363265646639666132303666303266613263333364623662363633633364
66336537376666633539383633623534333634353065373362353465363939376439643934383131
33633363323436663864316530346535653334653463656164643733386137363939666139313865
37653862636661653563373636646164646537323932396262613963313332343935323266363161
34633034356134313430356231366461386139363662646235663130666366366161306337643835
34613533303863363965646137653366366163336264313531363437656530333736306361616662
30663866306132303361393361393933353635633863346461646364663735373230346665373230
39353738303462333265366131643636313138663538653031373838323738653961386361333764
35616435396438333436646534656233363539366465643931393031613636373035626238343863
30373435653665383633313537313462653032333030303661396336333535653034393734303032
64666361616362363639393230333935633265666434336365333836666231303565633832633634
38636539643063393938663966323861376562643936363734626231613132353230313663303339
64383630326563633937626466376638353138303234396634626133666463663634
