$ANSIBLE_VAULT;1.1;AES256
32363835383534633665643763373634306130616462643235633037653139623830646366616136
3762613863306236616462343236316132656435646636360a626165626233373562396533316433
39323037663164626134613664623139353161373237306561353862346231373332656434343235
3936663739333835330a613264656632343366376430393333363066613835656539313962663038
63323163376635666265346434346664653261383463366366383362303639633133393331393838
37303066353030393163616238636461636230393365646562653039313437343139656365356162
36643366303862326636626664373631313634326634633736303064346466623138316663653038
30333839393461616639383130326139373133373732643963376230303165626630323762666539
36623937616532373465323330643964343761613734346431666335613061613265336365333439
66623635326463343035633538313733653430313934343137376230396538633338316335653137
61316137656230336362326464636333346562316639636131323937363437326236323139396436
31303266303733646336646532663261316337396165636434333965616132656636633664663737
32646234353762326230643130623933336234383230346162663534613865646665643332326339
63343335383330656131366630333337373965396331643761336639396164363030663362343066
30383032633361623533353366333831323434643135363236653138663033616138643230303061
65303530323865616337653263636264353930376633333161616462373636653837613537396265
36353832383633306132353962343335386537636265326266326335656337313063336561343235
33353334383661343765633731666333643063376130316235346330623837386531646639356531
39633063626137353663653266333631616535366262623839316631633439613630373930316534
37623330353734613161323033373035353863363131616465646530303962636164643362346431
39306331333936306535303763616633356138346138363038633139626533653365613833643338
34353234616337313263353631386538666164643964313032313161636139663738303839663831
38666338343635356431353261386563366663613462633733373566323763643566383866656664
33396635663430663765376136336561646139323230633338393138353530663335326265616239
30376230383563326231376431623238343762626366353631663534373833613563613334373064
66323635323863623132646533333538653866623765346437376532653461613338333733303766
64393139366139363061643766346234393062303937393733366536356334653236366633323930
38343335323732356530366564346135646266653538313239323463633661613035643237393432
37366465303462363163376532663965336633323338326339666161306563626235626137303564
38336163313438303632396266343130623331346635323938383534303933336262633935336331
61376539316361306237333966663565663631653837336363623565346230636238313862303832
39306665663337633961346236663262386434616439643439333938363835343535643961643063
30313338396233373565306332373637363261373132616537383763353936363561633439323731
62373839653434666266623434636131396561396435326538633438663764636537363332663030
62383831343236313930336530393064353835303761653832616664653066653035306237343133
39343736656239363031316265373034623762613535373631653763396231636533646434363234
65656330363535326335333432393163363334313636323438356539366664663364313863343539
34343731363061653539656265343330653261336464616566323566643233393164323964623831
31343130353366343738366434383062323233366436366639363830643132363263633933373935
34386362613039313634306163316662663964623064643934346432373762323364346534633862
65623865663938346639353536653437616434303235336539303861333130656238653234343966
62626130343866653033376665396638316531373335393037323663666235346339336334313832
32303961653335376432633362383130363438333234393964656333343164326664323335373963
39643636343735303334393136656634633636643432376164356666333237346430383863353034
64616338383765303165623662356131623834373665343531393436623438613738393037623335
38303537623233616230363737396230663636393763326164376162373938326566353239376132
34323464646434376334306431633231333766633739653434336233396565333030306333323039
39386130636364383837393030396466356463623236373565636663643736326136373766326331
30636230653234653062646632333861356131383564373664663330353566623961623863323138
64663535363235386539396361366533346538626339616565336265343666616535373435666632
34346361656464633561643038336139656535316532616137663736616535356461643462656363
35323864316639306631326232373434646136336539373334323938386531333362646266313866
62393832646366623866303165393238613330623362633335383930666136633339393937663731
31393066666331663535386331323136343639333739643835326334613939633330323337643539
35383861353134363132306632383361393230336561653736376334393738616364336665306336
36613632353261383637303233313964366632653061663130666265636561343162626434336436
39363131393135636334346562633139643565643664363639343839623838633733316338636134
33653137393739643637306532663562633266333531326466663263663437373632343466366332
62303731643935373762386430623536376138656235303365353265633034323237343138343931
65303833333330623535373335346637633766623536306335636563376536393235363835323664
36633532343635313039313435376263663363663265306262373332633130313833383733623438
37626436636530373636636130613934633932663063353134323637646633333633353338616633
66663735323465386361353332396133663332643831616264396564613831663062623735333630
62343230313464663936393838663164356465343037356634363534303339623830643064633064
66313463333865356435373061353932616166316564323065396135306162393964613961656135
30383966383935643531666331363564363435653130626565343761376533633138363166346131
35663465383933656166653266626230376533653166326666313732313432666566653331643665
61643836363134383736386439353166346162333463663031333638666538646234306562666130
66376164383238663639643837656466303637383139373333316465626533383639316465313631
36613165306430343831663234623337306238333763616535656237386238353036343435633262
38336134306532326334643833323630303338373666653436653461303235313938316238643334
35356531626661633166646637333861393965646565643265353133613366343133366564323061
38336531656261333835633934623238636335356330353565326333363335646431383931333837
38643961376339656466383665366363643664316539316238616135623435313665336662343364
34656465343732643838626362313532326232333133313066623632393736313231373834326365
30396163613861626336356634363164656533396532316637653839613766666530343931313239
64306261346530306235343762653636333661303732626431656635306331306336376436623466
30393139646265346333326334333934656632666439366461323635386466306563346463303831
39383665373538356231656231613533616433316232353138303431623430643836623033323566
36613162383739363966623932656134383732393130643962336365333233343037646132396339
37653065333832386535303364646337623264633430613236663834653066633862323637323030
31336338343339363732316432623636616266363630366238303338623564366530613466376261
32373462656232353262366463636638646262346231333331663132323636373039383066613438
39653162666531396336373737313339333866643939363239313136613866393838353662346533
37316164636537646534626563616662356630633035356439316237333062663939353439373835
36653435316161646439316566636265363937353739323930383738373063333065333535346531
66366333323361343933623435613931383563386639663138313131396162323239323631333434
63373732353562333139613336663136343763616431363631623733366338373632656335383237
36313430363761333335316230306238323335373232623938623839653937356565633531363231
36356330633839316137396262656637333662643562313263616238303330313332316261303136
62386138323430646666623630323734613363393533346339316465323134663036303139616664
33623534363964656337626564303034383335613337363763646136396262656234356265666664
65373561363361636131623161626364616338323835303435343739393065323734363965396633
37376561646132643864356134653765396638376661653737343838613835636565356632653864
37396334636338306331343865336334613133356239353339623766633266333061373232626233
31623164303238343965653463343537666533363237363134376238353837633261643234633430
35343236326633376635303030623134313563643436303336663036353765663361353961646335
38336366373134626562666138383732613232386561313862343365373037333663333538623962
30393763383733646537343964626466653862326436383064353462306565353036316564333439
38333932316461333862616364666230383938613264366533386466316562633563656633323661
30363962386437323061393331656434313364363063306263643334393632396238356265313332
31393161616532663330636537333131663333383933626632653437353261336662663232303332
61393066376236323933666264643030613063653331383031666165613238353737383933393736
37656335386439653162343333663064663263363239616332356535353062363635323166353132
61643935356432636239366132363037373066303563363532666661376261366665343234623038
33663432616637313038383133623363313833623461643263643238613338393530303364323634
31363033653365363664386463383561623161303939346261656231373330333263376538376165
33616539353130376434383831353065373231366361623964343863323930366239646239643062
35303730643237663437383161643161373436653031663135333664623039393264636164623234
34326232653037373066653266613038653736613839643262373031336538623338636465373366
34373733316365373063326464316437353638613834656531326138383535303537643035623065
65623935633066666238333634653038306564326462323732303939663661336332383332303031
37666665306634613037363031383237643932383836396263323764623531343433663862386364
39393763363561636262616533326338643531666130393163316132653963393864316538633561
66613364666466613561633863643234316537636461346234383665663036353436653138623366
36616439336234336565323333333063336435356430313033333065323338616664353365343866
32623465336163386562303262666566653864623432383331653830326332383533366631626235
38653762313261393934633937346132393663326639353066373232343336663366616661366566
65626565646234376366656239613839653662636239353736393561366264613064323837663964
39326133343038333265306430646234623562313861333732393437346131616465656234643838
31333665656637306361323762326364626465316163333964366665666631373039336463623330
33663737386261663066336338653035663865626537323062663634633064353635626463356466
32313133376634636333353835666538626432373461393131363439393931366231616663353139
30616461386135396630313962366130643630383539646330613234303032343535663531373466
65336662303534616135643539643831626634316636353937623136343563613233623735636364
66363335353138383865326338613732376466393736383963353335643163646363656266343436
34333939353165626139623133356533313737313130653262646562373762313538313639326636
61616266633961363933303537363737646335383737383761326433326633653964313466656635
31616463356538363137363530343234656562333664313663303531643632646438346132366537
33653136626462306662663365303764636435356639653836633239626263303532363461346164
61643634663235336232383264343831326339346630666533613435636634346461393838353231
65663666346164623739326339643633396332626564616163666565326237343561336536643034
61643961656231363736303137663236323266303161646661363138633562393633656334396362
39316433613765323066366565313962643236626237313434333539366163613939643031613666
663064363134353936633231626561393066
