$ANSIBLE_VAULT;1.1;AES256
34303632393330666665313639623462353332313734626664656365333335356364386463666261
3932623333616264663033383666366536306263316563310a626163373163396234356236353766
35366636656131346139396235656436643464333365316432363032346632373963303265306631
3439363662616133300a313731643135326362373031663835653339613839666637383736306561
32356330323736303661383832393933306630653264666661366465643634356564343638356138
30396331316536336665616438333935626139626162393931363634313632396131336561356166
36313064666163386562663266633537376634626431303765653535373562326666616461646532
61333463613161313765636336343261373131626534373939303738303861663038353131383933
64383065623832633131663966363030316233356630613538633163356361353134373162633036
30323963306235346465616265383666646137373836393234383665393731393130353063366634
66333666316238316361653832343735616564316564336264356638333930653131323330316266
35303161366238623766373261386633613233303164366338313561623064626464323336306537
64356431383263306537663039633139353661333930376638353130353365346132653134363863
33346536376163313435356237373832653537323834346131386535326561323330353337653934
38393961333936316537643466616663353833613735666263656537336639326633373132653131
37303934313263356563363363653833396632666365393164383431333934666635303163646636
30373165333239373538643433323165623161663836646532376438393164623631393430333732
39636538656237633564366662616631303838303561323164663730313338653738653731666565
61323061316361343364353536633563383333343330376435643534633236363935373164373036
61316136386666653539393139643565396634643638643861613365303064373536366434373663
61383538313431303837373865333161613837346661663237343462316133613837383937396432
37376534616332616666316163656230323131346562663132663762353531363361656432313330
63316138373232383239346336643564623834613833393835356434303436343430373664636130
36353139623266656265363966303234653932336562356433313765363831336666353461303531
32623832393737363665363633373637373930663266333935366435366439323066656430393239
30623836353330343833383666336663316433613735323466643466626562613266316263363338
39343832323235373330323565346337343730393565313835323062353239653830303336386561
33613762376233383730623861363837303932616132653961383061633635646166353136306263
62396630376364376634346438393762353837323839363630306537366338306164326338643764
61343165643234353935366263316461373735376531336330623239373935633063383739353338
36383764383664633962653639326536653835386262623532663064643832343434383834393537
32336366623033613633623264333136626164303634306239373661646330353333613763383833
37663262346333663065653265393737303266373236306539396364313561663562633863316262
63393266326434303338346537353766663935666166366435633034303164616437353961316363
64376235646234663731363138363230316331346633616639376236663765626634666463396538
66333866326332333831633338363632373433643764663030663033653362653736393838653761
66323536343430643434366666346333393864396337343665613664303438643065616135333866
32653331623832383261643666316530326130653538373863633236336535646332346233333062
38343363316335363333303165386665616663663362646465396566613763353462393162656263
35303464363632666361333662363865663131663534326666313133653932383266373663336239
38613466313665386561373236356664636139343831303836393835386561636563363532633235
34363833663035303137626530333435343464383930616131646631613333396230306432313336
35386632343965306138393535623564363537346231326263363161643461353466333735303538
35616631376463643764393435313032356134326432613265343265386262616635613536326565
34616561666538303034383465643333663263373238616265303836346133626362663037303165
32303061373666326531303462656563393530383930303764363165346431336565393336633331
66376339313830393863326632663431636533323435633235356663373261373238396361356337
39393061393930316264333864616630653564363235323139663635316161396338626638323365
32633665393238613933396365313638353563346632363964323734333664333038333230393463
38393830393964396136643761653639366264623766376362633866326438366135633765626439
65333464306430636239643934326231316534383131363863343739326263353466386262306562
31376338633261323864393638613136333665376466323163333932396364343036646235366364
65653736653336383565353338653431653164356532666434373234353938623562623839396437
36353535393364376630346263623263326434633137336261333933346566383636326666613464
66353564653864643265653039643965346338303336626638353331643164346638343134663462
30616663383638313137626562636135336635393034353238613630313932636464636539643234
63323735396361323937643838653965353931653365333030306136613661313630623266356364
39623563393861303236333066333937343265646334613230343036373362616336666563336130
62633132306266373032333437646436313065363139393335356632643838383135616565303466
39633864373863393735656365636530383964643735613639376239333761613565363333623962
31386636616337313662343732373063386630363431663631656537353866326635653463613431
63353661646634366137393361336236363033623136313866373834303036353431353236343266
35613532363562396539643832613039303738343766633261333437616637613033373862353564
64346565336234393836323364313233363936643132373632666137396539663838646630663533
38373265336232323134626433383635393234323866353433373231643137636239383065666133
31306334366466303766323633663664326135656164376137653535643666326539653464636538
61643234353963396633383264303964336430363231346531356139373635653865393165373833
36393535653236666464613336613435326332396236313437396163356362316564613562383862
66663633356365303036613961353334643133633237613539363031643137346461663961303432
34303836646531343538376463323163666264633837323263366264623263653766353338393861
62306631393739393930613864653335616439376431646634636161643064613137666134663339
34663836633930623661363533643139353066643532313038633966373161316166393732666665
37376661616338316237363563313037353933303537303064353665303836633265613231396363
65626461346133633365323439636431646333373063366232343664393637383164303034383563
30636435636135656362623837386163386137373665303334656538613932666463653934306232
38313037663237666635393362386463323533393732376463633463323736653536656665393037
66656534333733633239353862636131353265653731613334656563383438663734363134626364
35633532636637666136653963363264613636623232313566323761353064373334663962353039
65636531346333633231643265333837643462313332306438646534616236326537363535616432
37303838373637343835353331336530353633323034323637326663336534393339316162373039
61383263346363346666353639313939356338393262323638376363343864663361626536396434
66623730336666616262333439386632646532333164316236313063373530326331353335393335
37323863636161383137326363613630376466323961653739656530376261636436663730353032
31636132306331323965623865323163656164303264303330316266383662653664643263353930
32346238613937353438333832626130336235636435633461616138376336363037396339663535
34393062663535613831613331343931353935323432636238636262663465626366313331353538
39366633373066396138343566393331346335373233623731353431613239346439653837626666
62633731306564326665323061663266346433336463376631373737653862333566646333393835
38306434333337356438623064306236376539346537393839346563633961333437366237623438
32356263376166636531326166636163653164333336313563373339326231356433316139353537
64646638613063323061313765653032346561376431303031663537666230333938646166333661
62613839336236356132303066653432623630363439643062306136663564313634613230303532
39313364353537633931376565313636306239353861626431396439613233393931306663306237
39666334333363613638323130373132393065343166613436666433333539343133643061613534
33336131623934376331663265346430326562373665383833366464623638346337353431646161
32346332623139306465636662623664373734303233366164363439393862386236653064396137
31366164643362333232663030363865356236356530646436326264323536633734396434643363
65363166313162386665376233343538323232313861313962393736373532323839316632613366
65323737303235383931616465666134656138373361353737633538643439386538366663313334
63633066623131323864363431336363356438373535643232633531393164656431666137363838
62613137616239356239346563376334366233636231666264613836316133396431643365303434
62616435373961656538613334383435326563646461653936353032643166653832363136323639
65316331666562633864373538353437633363383334343466313561326262353135343665343434
64363038393963616531666633336462643435306238323439636438353834383938623731623465
39306166623164653033333936613239623962623963303134346637613636663563336433356234
66613735393030326262636566393964383966336137636439646636616361303161646531643735
30383866383033383732613232653536633032643165303562376634343763346565386135333239
38333536666263303037373430313531356561376463663363636139333732333636376235323665
66346262646631393066633262613739333164613236663061313037623137353265623932363539
38386236313538343763616135616538333666633362366461333065313134616335613862396166
30336438613535343464626363323661653834333833353939653733376430613164633064306236
65326439396135336564663633306634373262396533616139376537326432336339356136396435
61653233363639396465313531343236363365633539363135393632383265373839663161386236
38386363633136366635626332303630633130383764343063303337393233353039316130663536
36326430363032376262333831313163363930313935363434323239653530633561373435333563
30373937666131363337336638393738626130363433616161376266613765633166303961376532
36316537313432366262313932616331376636356135643637626264656230313233643837386462
61376439396366636363643238663863323934373239363532316433633565396662383064333563
36366432646261623163613535383464363231643862653731616464393836373139363231646330
33616163313832303366646135616130303461373234666261313331376163643030363037346565
62366532636134383066653163626531663632306130623033323135363563383666336439373835
30343336653863323838313163313732333661613935616538643530353633346365303338656463
66363961393861356366343231626366636361313030343033363431393666393830383637623738
62353435383836653964653533613033643630636134316364643261623361353662356438666633
62666362376261373761313962633537316364633465663232326331303630333133373134646330
33326565363433616361336336656338393164306333663034623339386635366132666235353531
37313662333839356162353235626430333235396238333232626161323238343062396239333430
37666235353732666334663531616334626466333465646336363661383462623165333339633361
39313266633037393462643266386462656363313934383931316631363565393363343865623565
63323939343463663736346432363834363762656536323865663837336166616133383965613035
33646638346330326365376632353634383563303833666165346431383539343661383363626462
65323232313666383764633330346632383035366364613738396466663438623963306532623931
36326531623537653932386564343761323032303438383938363238396233396535396331326238
3434363539303437666330353363336339303838333334396463
