$ANSIBLE_VAULT;1.1;AES256
35623933343365316631366363346432333238636264323333653561653933633936636265393038
3733626130343364373738643564333733636235363165630a666131396635313765336534626361
32343762393461363364316230373265373566316632396238326261613566386262316166323962
3961656131653361360a626330613937393933346435333162306663643864353534623330656639
38613330633663313739346531616430666566336665363837646562363834653165616431653261
30353431383133333434663162653739376636306534376437393661656262343163363563346162
64303137336539653537633431303161376461623063626535313662633236646165383561333266
34366265383366646136633863323164356330653631623734303339646639386433343633376438
35663735633330306338353638336533656234383064626631643130343137343937653761343238
63323262356337363533666562663737346634383839633465313338393361313534333561316462
37313134393933363766333464386235303463633135353262363934343535373338343761346265
30333064663338306537
