$ANSIBLE_VAULT;1.1;AES256
37336534386164346131633861666532613265646533376536373832653933643865363336623633
6566653961383230323439653065643936313161643238620a653434643735656632633433346466
36356632636263633436353236636237356632303938356566653666313361393431383364386364
6232613035303330640a396530616233666432643633623666363131653530306165316633633035
31663137303261656538363965633733303530653961656438613137613663353366373632666339
37303266333733643732623565323533303934346237613036376164623863383361313266363634
33626132383434373331333035613162396638633436616230316263633731393865643134646631
64393665366364303366306238636635643762356561353337666636616331323064383531333637
38366163323066313465366233356630356262313131383162393362343764336461306235393434
65333965316239396561346663316537653166366665303064643031613963376362656137326335
64313731643762313835623337373134376131323937363965323364306162336461623530393461
62393234663830656130303334646637323262346162613437626365393463323030393937343164
35383138346663616334396639643863623266343063363839316332653238323532646337656332
65383065363538653036373564663765616438613534383831386131646135623037303030393035
37313031623839343935356166366635386363313736353439313632616332313631633365663062
39643435643838313466313336323864613966373364326432393736346130663730666638396262
34626131636333343630616130336334396463336132626463623439616662376337383737626437
39343634383235333332373564346334633837326264633862366563326533353133316236616134
31643935613037656463613433613339396362343361633238626636653832373335646636326131
30386362313138613432343435323963343137633636616462356131646665393232303765336330
30623533346361323435643037316634323439643035633833346562343930366461383132646165
61316264376139303434386432383334313832643566316238663033613361316133306134643366
36613535616230613138353733646239323336326536386434316564313063333733393365383138
64613031346665376138363533663531636138356136626132666632613266623631373336363332
3632
