$ANSIBLE_VAULT;1.1;AES256
39336662663166336431383761313064613738663531353266626663633033356131656139303763
3438386561633235373334393463666530643032633232630a383233333062346233386130396132
36633137386236666430643230343864663665616233336666353265623234313632663163656134
6665386636333665370a346331313163663338303538386666333439663532613364313562653534
39643636396234373639373331663162303339316661303030363034666630663137616636393436
64626332366562393137336131303335373262386464626436313366306666656461616237613263
61373862666132363534313565343938343237646337303963393462363963393136363963393132
66383163346438353930656236666638303233373839353739636435346234633765633862343462
39313634303162313334643766316164653433353763383232616466303334363937303737613330
65373163303638386664326239663336336237346237373430373138343662306661336530343935
65333662666535363836373731383235623434313930343438386663336465316261326266313364
30343839656630373234393363633739313633373030663762366562393364616536343235613835
64306538643730343165656230643635653134343930616432613133306338376661326237373264
39363438663663343764633765336235633764323336316430363862393266356631393561353966
61366232386539313364316232616461376463363634383238663339343634366637313930396134
37643234363239343466313832666663643264353831333664373132386631333831393737646439
38356666396437633133336663366562396435303930643464396635323438336331363664396532
64303437346332306665663132346138303033363361363030306630323833663935383461386230
62636530633965363464333831646537666335633638643235656163306337373666313839396531
39346230346633393665353965366431663332366136356432326362313839636434633262396665
33323263383536653538333930326238383061323438666666643138656464656462653231353133
30616238616564616363353031333931366230616632643764326232346666316661663465626362
33353934343330396266323961633363393038386166393462376561313931306161613864613536
35663933303239393666373565306136313534616334626431393163666130386537313430383662
61616532393538323230643962393063646333383238396165623236633366646231376361623766
30613366616332313862663137363732386164336330333133366162633762343538326561383062
35646333336237336161633636666561373766633339346234313835366663633264333737623639
33336436326363646465373738306430366661333433353830623636623963356565653135613261
35353363363339633034633739636532643137323461346433306564313730353463343632333039
32383836663266383234323738613732636533306635346662663836313963343637303039396633
35393564376164376334613434343261303937396530646566306433313336626337356239636139
36366336323065613331626334323730366437313063663131383266333033626565316665346363
62623332666466373065396364366430636234323631613636376337346633386265633131613234
63653166313736396565343630643962636563663066376236643563366331333639313630636332
32353632393037316432313462396533653766343935323537363362636164313631613034376466
38333064353333626539613536383735343166666164666532333737363231636466376333643165
32306661633164396663383635343763313939313631393333353964666536646331343534303238
66303463366339366630376330313536353735326233333737613635656664343264336465646463
38353661653430616134373130626438326330323163363862346532636632646661326164336638
36323237353961376337343332303533666665646133656136663564646632353261663131653565
33636364303534356336316163343764653634373634356562333465633162623835353136366535
33323832366430656333336132376661643939633064356536623366353938636239313837333564
64633034643662643664303861346338616463656233363030323032303064656239306565613130
34623835393734663639376166666330373265393966643932353135303932653838373638626531
65343436326539623831393939633830626339653661353864383065376435363865303738363361
34313963313534643562656465636634613630623165643065383233363463303336643132663161
36653864333166383332313633623138623036343866386164613138306365653638376163356531
38303639623261366135616463363163373337336539306531633538333430653065376435306339
62316630396464663162613538306338363264373032386338663666356533383162306161393664
61623130313330333566633532653530356663393730323131633137393163663865373534313436
33626461663261633234313265323533396130633436636665613164373738303839313033393466
30646333303436373666623464383937653633303165396233656631346564313565363030663537
66643439363339303763396233356533316531633366626561623264393732333062653236393033
37373133333861363265346132383863353439336165633561616437333334333361613639396235
39393166313231343861623864386264396134633064306333643834643339623832373931663565
37303033303736383433316330666461616532616335343537313937663936663361643635303565
36346566623563663261366163363735666361336233326135666436646339636130396632373262
65343030303564393130393237346331373334366530346162333066316665336437366166386363
32313632653861393264363536626362336637373930626138376166666263333532323332633464
35313937633730343861306530613236366532313137626231643531336361343233643461653831
36336435316530373738636637353039653161663466353231343833353634626235626337633237
32663265633466633832373333383263366136393365633566663036633162613966366261313566
66623431363933633364333866323734336337383832366332623437373239376433383830303932
31613062373431656138346238313664303430343962646164656637653938386465353932353861
32373931663239336438623739623462323064643763333866623631663437316134326263366234
33316263633630393131343732663036666134643163353236363764646639303838343562366439
33366161613039643739373766633439373566366335376333356135333633353964363461633731
31353931616133383863313063633434356638346366663837356534616431343830656336393035
36653133643134313837353637633665636134636165343637366666326564623233363833313063
32376463643762383066353638376430343432623866383261633735356562323737666235366462
63363964656162386436326331623730636239636466353661323737386236313432353266346535
37373333373830393261613262613561653164633634633038333338326365373730313737643734
62373739363231366436353136623734623465316362613663666134643435343862366139623130
34626538333535363638343265353637393437353034316261333335353366386362306563643962
66323239616661313631636230393036353530363632663836306266626639613235663563633965
35666437376633633937666534303030376366376466643637653337656633383961666336653637
66653536623438303339393834316234333866313665306364663738656436333930
