$ANSIBLE_VAULT;1.1;AES256
39623338396138383532306133393537376335653534393537306565346234316533333536346633
3038396136313731383365303362653537353530343837310a306262323564336535643362326661
64303866336537666437303339323831303065363034303834303338353563316133633733396334
3036633462376164310a356333356130366361383030646262306564383436396162363036633737
32313633653838383063396365643138303865306330666261363532353136313237393264643131
32323739613434373639343337646230323565643465643930613434643137326330326263313863
39636132633334316539326335396133306166663839353933353063353365666436383161363263
31393538333433336661343634643133633937616666373266666661363562356461646462313165
35353032336139393561633166356237343534383235363539326630363335326462646362663861
30353730636336633835666131623665646230656666353137353538643936333738323463653463
39653665336432313634383965333435373639336165313132396666306638616536356636613961
63346266376534316165336164653831383132373431653263613730663933376132383663623364
61636465323531666638343233353335316331646633376638306134653165353361343066373933
30373331386164353962353634633661633433656263363935643831343132356331666238383238
31383665656462303363303862303866363537333133616233366534396635653539336231303164
35623133313832346334613836336631373830623662633637633337326434333462633466353636
39663633333836383030613263353764343163326233613161326230363338373238666261356635
66653134363264643366626538326337646234623062636263653763636139646162353861303036
63316335623963306563623039316232306133356565396165623039323338626564383030323635
61313164323862366166653562386332356533353830386562643930656161656561393661623036
62303330386238616462373639323235386265346432323962373830373431646664613838333735
64386238616435373232386137363139386662396331633764666266666636633637623936346663
34313462353936346236326532633030376131643835316236343465353032383334643136626265
33363731303131383031303538633933653765646230623963366238366232666333323139616363
32646131303165363234326339303030353036643937346234373033623461623535666239353630
32376232353730343731643861363933653536303933666531303463386339633863346230343435
66326634346365626639303734373737623037363065303966323165663633386339653963323131
63373430313632373136333037363439656532333531303463663266313366303138613833623730
66663162353830333830613932626539393662383734333262623731376431323532656261313036
39623034636236626466373336633665306239656163386135376261316537353963343333336563
33376663363233663161623033306362343562306163363036333637323665333262653635636237
61333965343532383439633461636234663862363064333037303035333232646166333038383766
37343765643865646338386131643663396637306661343835633634303332333139313963636262
33376666366461373637656161663464653836396361363962386438356663383836613365353730
34396436653837616365386534393837343936386537656630313566386335653866626533633237
36303865663033333465383663353766373135643964646664326133336437613839383231646138
64336330626131616131373438396531653638393661306134353665656336633538353766323130
37373935626439373032666431613363383336313235613430393936633434633061396361666161
31366136363932356265323933646335386464393133303632626138323730653338343864646366
62386539613034303933623230326261353437643762303932393963343734343433373264373631
37393235636166366438316635383438336562663533316438393966333763666332353531303137
62393838366635346166653364343165383264353637383838613736323033643038633532613763
64333337313132393038656635316161643564303734376331313462653035323534636338336562
31643637656535643039366437333736303463353136653665623734353735623364663633353066
65613761393137616237333435353736626439323931613530363933316539636366656233626164
61313030316166393765393436313637353035343430356534383934663166373064623166646665
31643739373733653431366663326666353262336564363031353734633830613666303664633963
35383434316337396466356533623333636139633331666162306466386434616333666330363664
36306436353864363764643665346637633565616431663535393762613037653663393733373863
65303632353030336236363063313435393837373763353033383938656439646237353665343936
33393331323363363666323630636531316330663536663932633739386263373939396532643934
62333463363031353834343637323237663731336633303430343762616436633363376365646366
61383333393163373663326539626639323437373031633065663764663931306361326134663062
62336531376635323631313263663330666432313334323462313735336631383238373762663364
36613364333535363865333163323135643661386438353638636362663236646163653862626536
66623536356266616534303330663463633731383862323564383230376239383832333937653964
61323335653937326661366438636636386637636366336263376339623565366366616561386330
38373336663464653163336461623038663866636634656331653964653166346535323863643835
63623034653961366433623562306637323734643137343337333961313232646133336139313362
32663734303939366562666438333261633437396530323632666334666533616263633430666261
61653833616535333536343438373462306231303463383263663961646666393162643932326265
39666333653865643862643939313638366266343132313162386263333364333366616365333861
39366236303732623635323438363838346566333963303433633661343432326466343338366134
34343665376166306632383230623964336362313564363030383435336330633163353637383431
63353133393534633863306436323133316365656338353138613666343765356166363430343064
32376562353431363832633862373539303636313463366439366464626265313638356534663132
63363138353039653863653936623130366639323939306338383861326663636462363232666538
63373832336134313131393165306664393731303230343865313261646635373336333031616261
65353730356536353735353735646361373431373066366161623032373136303635323263613933
64363661313737666333666665353135363430663832313964326230636263326135636238383633
64623634333161396263636133633836333731653663393666326633323663343662326662393530
63306465623332336266333364646439663032323736333332376337313331343463646234306234
31393166326139383734653961363963626339396565626262346562343436333238303431643131
37613634333539326134306165306132386539643836366362613738353232313666383836386537
38633863396531306435623233346136653162616136613430363066613964663732333234666636
64313131646539336231656462366238616264386334363766346432653632636463663437316230
30646139633137303630386530646637656134613436313364333637653331366666623736623230
66646238666666663339666338303138363334373765646436393364613030653262366263383465
32356163383332346430303761303332623239313932356462613739666330643032613635396661
32373731313533353134646361336365323230326530343630386537636666653434363335383932
38396433353961323831663566346365623637356262343032653162303835613633626234363430
64616632333134363663656137353965613134373064613961313835663864656164373934613532
64363466663139626166313865316633626565303435393864366263373639316166613433396231
64613362303730666161613933333434363633373538633664336434363063666538356138663564
39316338303261303938653039623335393030613465643935663438656331316233303434303663
36333064313234393530653761623035323263343065653436643464653166306138663566663039
30323236366532633337646131613666393833633535306263666132373864343734623938303566
65653030653765663566323437336635376631336563393862336436626230663139613961636262
35333837353833616637353264353839343435386263383039323630393331333132356330346233
66383232646562623435326462306436313135623630373463613734306261326637376539353230
63666561326135373462356139373930313734353230393563373139326461363565663633393363
33353537396538653336386133333438363335373163653338323366343239356638353965643262
39623430616361653235363935656438333735313134643535653665313163353962376361663264
34363833396532616434646633643736396136653938373563326164323537303434346638303737
62613863643539656635633362323435396233633438666338326265643063316439666232333263
38653836346663343236333536323839633464386235336365396432323333376531623436626364
66653161653262393831633435366535326266613864343166663330326534333137326133336637
30633037333963663334386262343563376366663833636138306361343764306539616234376564
30373233646634303062613563626635393237626131633533636630346635653865373034633666
37653136623435383334623066323936303130633261663039393964323935306562333339343733
66626238373464363233323935303835393731366566396236323261313364663762393133353234
64656537333564633436393936636461356266316637353261616165666466356634363238343132
61623762306333633730306334633831323766653230373662313465326530646435663430353830
66393532666630646139376235393833663433616666373938663230636334313336313262386164
30373432343939656166346366366365623035643835653666633565333439636266616663653164
65356130313066303138323964366566353530363134313961646164613032376561306164343762
36373338373865656165323865643430663331396365613936353936353337313833353439626161
61616430336161326331646239363763653535613433323165663066666439396134313633613266
31363231346363363136363364366330333362393566373937393266373238663632316561326666
64623936373366643339663962343864316566386339386661366465623962633765373366633239
31366139643962316137323366643031656363613933623133373235333830373530613433326337
31393530323561386336643132646165373237626636643931343661366433666439383638343561
33393264643631306261356637623831613633303531616237343335666533643130336533363361
32383530623764376235383765393865353136336431366233633066623334623262393835316435
30356164373431303734333861646161363030666132616665663632646532353861356331343231
65663634333739646463653865373233623165646538613730333364313461366237616232376264
64343165643262396162333164643331356435643737666132623738653838636261363561353738
30643436616664303731353436663363303038646630626464656239313838313566343431353430
30306531326666666336343537646564356565613838363662343064616238303961336333623561
34313830643534326536616662326231656462303636343230306562613636643366653732343637
30393166346162356161626433663632666335613238336132643236646134303139316339346563
37633837636534333064313233653837366261663936316365353932626333366662663662653066
63613630646233366231303535316662306663623362306534666434313666313062323233663665
36643233643533633766326132373565653364383236383633353232356238306434376239393536
36366163633162343366386334646362366532383233363136393561653639323265373036643137
65363735393066643265646463643033323066653130383235623135353237326237303164366666
65373966323961653730306261656331643064303933633838643436336239616438313361363462
65333062336462626531323635303364656365663861623338313763643531333361376235363965
65636534623237363830616432663366663366313231626134663838343632343731613665646237
65366161393965303066633863633533643431396630613832303436663239316665346663653862
33336434346436623330663332306665636464636638663834313262336537636537646534336632
66626338613061636564396366333337373534336330626163663833646432303833376138616534
66313736353630303731613132633630366366393830396661316134653462383364613837306637
32336165663833653862363237336562303163363263646130303133626565663734616165616534
33396634616539366539323233396139363766643661623539366538616533623862663062383365
66643262333466316663313439613866343564343532346533326433356361663664633134376461
31646137636630366237633639663665396138303832366163383935386466623266363331393637
65353039636533363933323034316437336230653263383730323366383762383461613165303435
62333961366134356466303931623235663631316135366136656633306539363236633564646332
65326234306563303566643232313336613462623336353631633165343164326461326439653965
63353464643731636430396365376532633264343566316235663935613162343932623463303263
64343766363139636333373632636463306361653932643864666162646135323834393133616363
34303739366166623130336338383633663935633830646464376136386262663630333638366665
61303434656432373137333137643537613266633439336162396235353732626665636135313566
32663732613663316638366536373264636162323031663937313162343734313832363833313262
30303531306663333439363963376634333665326439616638343066656233363763363737653963
30643831653538343662353038386139353364636333373638623731373161343037633663306161
38633864356332353837656161333438626438383938633237373366643465656338343063303033
38663530383534343265306566643239366234653063303964626633343161646462646630313837
64306532643936333666323435656166646637646138353563633833643966313730633933366530
37316332373632643738363966616633613638313232376361386337306332333338366335396563
37303663336438356230393966376365323462333838643933623235323235366661666164653933
64323363626333613930643861303233383736306666646131626564663436613430636536636535
36333162376161616537303731333839633936633265643862373966343232613038616530643865
64323635653839323132343836626164306561353664303737303465373462653762353531313262
63663564373961383562623532366165396664363738626561343166353337646561323034616234
34393239383831646366643134306630663233643235376439326432356135303664316237326434
38326135643661633666366533666636356631316539383063353664336534303161623134346635
39653638306637303833623432626333646632616261613330333464306666306264386532336538
39653061626634636339343334323738636235323134313665396130653339356337366137336238
65323866386339383137343239653834626464626163336664666230303762373338333462646161
36393439353965363636663132666639386530326233386532346131323636656432353033633564
39323364646439373831326463373636313437373364353734666632376434343635666535626138
31323232343831356237353435316264363862363236353838383531386334363137363334386538
34316439306637396135623638643861646538323431383036303835653935346665663535393439
62656633613136623734366539636563363038303132366637396434376135666561376633393062
35666437356162323830366163303634653332363534386539656234656661383438613265343363
65666330323763363461616437666132303362363739366163616233383565343264663362303636
30353938366562363537353634353735323930616230633333643963656565316161343832366636
34386239663465633430303736643765333265666363343034623365356239613839656338636162
39396137616231666536643138356630336237623737326136363565643130633031663364316364
35343934323762336537616134353463393662303862326662323639333936356630343662333262
32663939633364316362656265343762643938646466336666623336386539313935346361366533
34333061353039333637646661313231333466323363306634303833373039346434663132316663
32653234313930666466353763346364626264336537626130623133646165643365353363323333
36323432326639346631
